INT	INT	INT	INT	INT	INT	INT	INT	INT	INT	INT	INT	INT	INT	INT	INT	INT	INT	INT	INT	INT	INT	INT	INT	INT	INT	INT	INT	INT	INT	INT	INT	INT	INT	INT	INT	INT	INT	INT	INT	INT	INT	INT	INT	INT	INT	INT	INT	INT	INT	INT	INT	INT	INT	INT	INT	INT	INT	INT	INT	INT
级别	少林力量	少林灵气	少林体质	少林定力	少林身法	明教力量	明教灵气	明教体质	明教定力	明教身法	丐帮力量	丐帮灵气	丐帮体质	丐帮定力	丐帮身法	武当力量	武当灵气	武当体质	武当定力	武当身法	峨嵋力量	峨嵋灵气	峨嵋体质	峨嵋定力	峨嵋身法	星宿力量	星宿灵气	星宿体质	星宿定力	星宿身法	大理力量	大理灵气	大理体质	大理定力	大理身法	天山力量	天山灵气	天山体质	天山定力	天山身法	逍遥力量	逍遥灵气	逍遥体质	逍遥定力	逍遥身法	无门派力量	无门派灵气	无门派体质	无门派定力	无门派身法	慕容力量	慕容灵气	慕容体质	慕容定力	慕容身法	唐门力量	唐门灵气	唐门体质	唐门定力	唐门身法
0	6	1	8	2	3	9	1	6	1	3	8	2	6	1	3	1	9	4	4	2	1	7	5	5	2	1	8	6	4	1	5	5	4	2	4	8	2	6	1	3	1	7	5	4	3	1	8	6	4	1	1	9	6	1	3	1	9	4	4	2
1	2	0	2	0	1	2	0	2	0	1	2	0	2	0	1	0	2	1	1	1	0	2	1	1	1	0	2	2	1	0	1	1	1	1	1	2	1	1	0	1	0	2	1	1	1	0	2	2	1	0	0	2	2	0	1	0	2	1	1	1
2	1	0	3	1	0	3	0	1	0	1	2	0	2	0	1	1	2	1	1	0	1	1	1	2	0	0	2	1	1	1	1	1	1	1	1	2	0	2	0	1	0	1	2	1	1	0	2	1	1	1	0	3	1	0	1	1	2	1	1	0
3	2	1	2	0	0	2	1	2	0	0	1	1	1	1	1	0	2	2	1	0	0	2	2	1	0	1	1	2	1	0	1	1	2	0	1	2	0	1	0	2	1	2	1	0	1	1	1	2	1	0	1	2	2	0	0	0	2	2	1	0
4	1	0	2	1	1	2	0	1	1	1	2	0	2	0	1	0	2	1	1	1	0	1	1	2	1	0	2	1	1	1	1	1	1	1	1	2	0	2	0	1	0	1	2	1	1	0	2	1	1	1	0	2	1	1	1	0	2	1	1	1
5	2	0	2	0	1	2	0	2	0	1	2	0	2	0	1	0	2	1	1	1	0	2	1	1	1	0	2	2	1	0	1	1	1	1	1	2	0	1	1	1	0	2	1	1	1	0	2	2	1	0	0	2	2	0	1	0	2	1	1	1
6	2	0	2	0	1	2	0	2	0	1	2	0	2	0	1	0	2	1	1	1	0	2	1	1	1	0	2	2	1	0	1	1	1	1	1	2	1	1	0	1	0	2	1	1	1	0	2	2	1	0	0	2	2	0	1	0	2	1	1	1
7	1	0	3	1	0	3	0	1	0	1	2	0	2	0	1	1	2	1	1	0	1	1	1	2	0	0	2	1	1	1	1	1	1	1	1	2	0	2	0	1	0	1	2	1	1	0	2	1	1	1	0	3	1	0	1	1	2	1	1	0
8	2	1	2	0	0	2	0	2	1	0	1	1	1	1	1	0	2	2	1	0	0	2	2	1	0	1	1	2	1	0	1	1	2	0	1	2	0	1	0	2	1	2	1	0	1	1	1	2	1	0	0	2	2	1	0	0	2	2	1	0
9	1	0	2	1	1	2	1	1	0	1	2	0	2	0	1	0	2	1	1	1	0	1	1	2	1	0	2	1	1	1	1	1	1	1	1	2	0	2	0	1	0	1	2	1	1	0	2	1	1	1	1	2	1	0	1	0	2	1	1	1
10	2	0	2	0	1	2	0	2	0	1	2	0	2	0	1	0	2	1	1	1	0	2	1	1	1	0	2	2	1	0	1	1	1	1	1	2	0	1	1	1	0	2	1	1	1	0	2	2	1	0	0	2	2	0	1	0	2	1	1	1
11	2	0	2	0	1	2	0	2	0	1	2	0	2	0	1	0	2	1	1	1	0	2	1	1	1	0	2	2	1	0	1	1	1	1	1	2	1	1	0	1	0	2	1	1	1	0	2	2	1	0	0	2	2	0	1	0	2	1	1	1
12	1	0	3	1	0	3	0	1	0	1	2	0	2	0	1	1	2	1	1	0	1	1	1	2	0	0	2	1	1	1	1	1	1	1	1	2	0	2	0	1	0	1	2	1	1	0	2	1	1	1	0	3	1	0	1	1	2	1	1	0
13	2	1	2	0	0	2	1	2	0	0	1	1	1	1	1	0	2	2	1	0	0	2	2	1	0	1	1	2	1	0	1	1	2	0	1	2	0	1	0	2	1	2	1	0	1	1	1	2	1	0	1	2	2	0	0	0	2	2	1	0
14	1	0	2	1	1	2	0	1	1	1	2	0	2	0	1	0	2	1	1	1	0	1	1	2	1	0	2	1	1	1	1	1	1	1	1	2	0	2	0	1	0	1	2	1	1	0	2	1	1	1	0	2	1	1	1	0	2	1	1	1
15	2	0	2	0	1	2	0	2	0	1	2	0	2	0	1	0	2	1	1	1	0	2	1	1	1	0	2	2	1	0	1	1	1	1	1	2	0	1	1	1	0	2	1	1	1	0	2	2	1	0	0	2	2	0	1	0	2	1	1	1
16	2	0	2	0	1	2	0	2	0	1	2	0	2	0	1	0	2	1	1	1	0	2	1	1	1	0	2	2	1	0	1	1	1	1	1	2	1	1	0	1	0	2	1	1	1	0	2	2	1	0	0	2	2	0	1	0	2	1	1	1
17	1	0	3	1	0	3	0	1	0	1	2	0	2	0	1	1	2	1	1	0	1	1	1	2	0	0	2	1	1	1	1	1	1	1	1	2	0	2	0	1	0	1	2	1	1	0	2	1	1	1	0	3	1	0	1	1	2	1	1	0
18	2	1	2	0	0	2	0	2	1	0	1	1	1	1	1	0	2	2	1	0	0	2	2	1	0	1	1	2	1	0	1	1	2	0	1	2	0	1	0	2	1	2	1	0	1	1	1	2	1	0	0	2	2	1	0	0	2	2	1	0
19	1	0	2	1	1	2	1	1	0	1	2	0	2	0	1	0	2	1	1	1	0	1	1	2	1	0	2	1	1	1	1	1	1	1	1	2	0	2	0	1	0	1	2	1	1	0	2	1	1	1	1	2	1	0	1	0	2	1	1	1
20	2	0	2	0	1	2	0	2	0	1	2	0	2	0	1	0	2	1	1	1	0	2	1	1	1	0	2	2	1	0	1	1	1	1	1	2	0	1	1	1	0	2	1	1	1	0	2	2	1	0	0	2	2	0	1	0	2	1	1	1
21	2	0	2	0	1	2	0	2	0	1	2	0	2	0	1	0	2	1	1	1	0	2	1	1	1	0	2	2	1	0	1	1	1	1	1	2	1	1	0	1	0	2	1	1	1	0	2	2	1	0	0	2	2	0	1	0	2	1	1	1
22	1	0	3	1	0	3	0	1	0	1	2	0	2	0	1	1	2	1	1	0	1	1	1	2	0	0	2	1	1	1	1	1	1	1	1	2	0	2	0	1	0	1	2	1	1	0	2	1	1	1	0	3	1	0	1	1	2	1	1	0
23	2	1	2	0	0	2	1	2	0	0	1	1	1	1	1	0	2	2	1	0	0	2	2	1	0	1	1	2	1	0	1	1	2	0	1	2	0	1	0	2	1	2	1	0	1	1	1	2	1	0	1	2	2	0	0	0	2	2	1	0
24	1	0	2	1	1	2	0	1	1	1	2	0	2	0	1	0	2	1	1	1	0	1	1	2	1	0	2	1	1	1	1	1	1	1	1	2	0	2	0	1	0	1	2	1	1	0	2	1	1	1	0	2	1	1	1	0	2	1	1	1
25	2	0	2	0	1	2	0	2	0	1	2	0	2	0	1	0	2	1	1	1	0	2	1	1	1	0	2	2	1	0	1	1	1	1	1	2	0	1	1	1	0	2	1	1	1	0	2	2	1	0	0	2	2	0	1	0	2	1	1	1
26	2	0	2	0	1	2	0	2	0	1	2	0	2	0	1	0	2	1	1	1	0	2	1	1	1	0	2	2	1	0	1	1	1	1	1	2	1	1	0	1	0	2	1	1	1	0	2	2	1	0	0	2	2	0	1	0	2	1	1	1
27	1	0	3	1	0	3	0	1	0	1	2	0	2	0	1	1	2	1	1	0	1	1	1	2	0	0	2	1	1	1	1	1	1	1	1	2	0	2	0	1	0	1	2	1	1	0	2	1	1	1	0	3	1	0	1	1	2	1	1	0
28	2	1	2	0	0	2	0	2	1	0	1	1	1	1	1	0	2	2	1	0	0	2	2	1	0	1	1	2	1	0	1	1	2	0	1	2	0	1	0	2	1	2	1	0	1	1	1	2	1	0	0	2	2	1	0	0	2	2	1	0
29	1	0	2	1	1	2	1	1	0	1	2	0	2	0	1	0	2	1	1	1	0	1	1	2	1	0	2	1	1	1	1	1	1	1	1	2	0	2	0	1	0	1	2	1	1	0	2	1	1	1	1	2	1	0	1	0	2	1	1	1
30	2	0	2	0	1	2	0	2	0	1	2	0	2	0	1	0	2	1	1	1	0	2	1	1	1	0	2	2	1	0	1	1	1	1	1	2	0	1	1	1	0	2	1	1	1	0	2	2	1	0	0	2	2	0	1	0	2	1	1	1
31	2	0	2	0	1	2	0	2	0	1	2	0	2	0	1	0	2	1	1	1	0	2	1	1	1	0	2	2	1	0	1	1	1	1	1	2	1	1	0	1	0	2	1	1	1	0	2	2	1	0	0	2	2	0	1	0	2	1	1	1
32	1	0	3	1	0	3	0	1	0	1	2	0	2	0	1	1	2	1	1	0	1	1	1	2	0	0	2	1	1	1	1	1	1	1	1	2	0	2	0	1	0	1	2	1	1	0	2	1	1	1	0	3	1	0	1	1	2	1	1	0
33	2	1	2	0	0	2	1	2	0	0	1	1	1	1	1	0	2	2	1	0	0	2	2	1	0	1	1	2	1	0	1	1	2	0	1	2	0	1	0	2	1	2	1	0	1	1	1	2	1	0	1	2	2	0	0	0	2	2	1	0
34	1	0	2	1	1	2	0	1	1	1	2	0	2	0	1	0	2	1	1	1	0	1	1	2	1	0	2	1	1	1	1	1	1	1	1	2	0	2	0	1	0	1	2	1	1	0	2	1	1	1	0	2	1	1	1	0	2	1	1	1
35	2	0	2	0	1	2	0	2	0	1	2	0	2	0	1	0	2	1	1	1	0	2	1	1	1	0	2	2	1	0	1	1	1	1	1	2	0	1	1	1	0	2	1	1	1	0	2	2	1	0	0	2	2	0	1	0	2	1	1	1
36	2	0	2	0	1	2	0	2	0	1	2	0	2	0	1	0	2	1	1	1	0	2	1	1	1	0	2	2	1	0	1	1	1	1	1	2	1	1	0	1	0	2	1	1	1	0	2	2	1	0	0	2	2	0	1	0	2	1	1	1
37	1	0	3	1	0	3	0	1	0	1	2	0	2	0	1	1	2	1	1	0	1	1	1	2	0	0	2	1	1	1	1	1	1	1	1	2	0	2	0	1	0	1	2	1	1	0	2	1	1	1	0	3	1	0	1	1	2	1	1	0
38	2	1	2	0	0	2	0	2	1	0	1	1	1	1	1	0	2	2	1	0	0	2	2	1	0	1	1	2	1	0	1	1	2	0	1	2	0	1	0	2	1	2	1	0	1	1	1	2	1	0	0	2	2	1	0	0	2	2	1	0
39	1	0	2	1	1	2	1	1	0	1	2	0	2	0	1	0	2	1	1	1	0	1	1	2	1	0	2	1	1	1	1	1	1	1	1	2	0	2	0	1	0	1	2	1	1	0	2	1	1	1	1	2	1	0	1	0	2	1	1	1
40	2	0	2	0	1	2	0	2	0	1	2	0	2	0	1	0	2	1	1	1	0	2	1	1	1	0	2	2	1	0	1	1	1	1	1	2	0	1	1	1	0	2	1	1	1	0	2	2	1	0	0	2	2	0	1	0	2	1	1	1
41	2	0	2	0	1	2	0	2	0	1	2	0	2	0	1	0	2	1	1	1	0	2	1	1	1	0	2	2	1	0	1	1	1	1	1	2	1	1	0	1	0	2	1	1	1	0	2	2	1	0	0	2	2	0	1	0	2	1	1	1
42	1	0	3	1	0	3	0	1	0	1	2	0	2	0	1	1	2	1	1	0	1	1	1	2	0	0	2	1	1	1	1	1	1	1	1	2	0	2	0	1	0	1	2	1	1	0	2	1	1	1	0	3	1	0	1	1	2	1	1	0
43	2	1	2	0	0	2	1	2	0	0	1	1	1	1	1	0	2	2	1	0	0	2	2	1	0	1	1	2	1	0	1	1	2	0	1	2	0	1	0	2	1	2	1	0	1	1	1	2	1	0	1	2	2	0	0	0	2	2	1	0
44	1	0	2	1	1	2	0	1	1	1	2	0	2	0	1	0	2	1	1	1	0	1	1	2	1	0	2	1	1	1	1	1	1	1	1	2	0	2	0	1	0	1	2	1	1	0	2	1	1	1	0	2	1	1	1	0	2	1	1	1
45	2	0	2	0	1	2	0	2	0	1	2	0	2	0	1	0	2	1	1	1	0	2	1	1	1	0	2	2	1	0	1	1	1	1	1	2	0	1	1	1	0	2	1	1	1	0	2	2	1	0	0	2	2	0	1	0	2	1	1	1
46	2	0	2	0	1	2	0	2	0	1	2	0	2	0	1	0	2	1	1	1	0	2	1	1	1	0	2	2	1	0	1	1	1	1	1	2	1	1	0	1	0	2	1	1	1	0	2	2	1	0	0	2	2	0	1	0	2	1	1	1
47	1	0	3	1	0	3	0	1	0	1	2	0	2	0	1	1	2	1	1	0	1	1	1	2	0	0	2	1	1	1	1	1	1	1	1	2	0	2	0	1	0	1	2	1	1	0	2	1	1	1	0	3	1	0	1	1	2	1	1	0
48	2	1	2	0	0	2	0	2	1	0	1	1	1	1	1	0	2	2	1	0	0	2	2	1	0	1	1	2	1	0	1	1	2	0	1	2	0	1	0	2	1	2	1	0	1	1	1	2	1	0	0	2	2	1	0	0	2	2	1	0
49	1	0	2	1	1	2	1	1	0	1	2	0	2	0	1	0	2	1	1	1	0	1	1	2	1	0	2	1	1	1	1	1	1	1	1	2	0	2	0	1	0	1	2	1	1	0	2	1	1	1	1	2	1	0	1	0	2	1	1	1
50	2	0	2	0	1	2	0	2	0	1	2	0	2	0	1	0	2	1	1	1	0	2	1	1	1	0	2	2	1	0	1	1	1	1	1	2	0	1	1	1	0	2	1	1	1	0	2	2	1	0	0	2	2	0	1	0	2	1	1	1
51	2	0	2	0	1	2	0	2	0	1	2	0	2	0	1	0	2	1	1	1	0	2	1	1	1	0	2	2	1	0	1	1	1	1	1	2	1	1	0	1	0	2	1	1	1	0	2	2	1	0	0	2	2	0	1	0	2	1	1	1
52	1	0	3	1	0	3	0	1	0	1	2	0	2	0	1	1	2	1	1	0	1	1	1	2	0	0	2	1	1	1	1	1	1	1	1	2	0	2	0	1	0	1	2	1	1	0	2	1	1	1	0	3	1	0	1	1	2	1	1	0
53	2	1	2	0	0	2	1	2	0	0	1	1	1	1	1	0	2	2	1	0	0	2	2	1	0	1	1	2	1	0	1	1	2	0	1	2	0	1	0	2	1	2	1	0	1	1	1	2	1	0	1	2	2	0	0	0	2	2	1	0
54	1	0	2	1	1	2	0	1	1	1	2	0	2	0	1	0	2	1	1	1	0	1	1	2	1	0	2	1	1	1	1	1	1	1	1	2	0	2	0	1	0	1	2	1	1	0	2	1	1	1	0	2	1	1	1	0	2	1	1	1
55	2	0	2	0	1	2	0	2	0	1	2	0	2	0	1	0	2	1	1	1	0	2	1	1	1	0	2	2	1	0	1	1	1	1	1	2	0	1	1	1	0	2	1	1	1	0	2	2	1	0	0	2	2	0	1	0	2	1	1	1
56	2	0	2	0	1	2	0	2	0	1	2	0	2	0	1	0	2	1	1	1	0	2	1	1	1	0	2	2	1	0	1	1	1	1	1	2	1	1	0	1	0	2	1	1	1	0	2	2	1	0	0	2	2	0	1	0	2	1	1	1
57	1	0	3	1	0	3	0	1	0	1	2	0	2	0	1	1	2	1	1	0	1	1	1	2	0	0	2	1	1	1	1	1	1	1	1	2	0	2	0	1	0	1	2	1	1	0	2	1	1	1	0	3	1	0	1	1	2	1	1	0
58	2	1	2	0	0	2	0	2	1	0	1	1	1	1	1	0	2	2	1	0	0	2	2	1	0	1	1	2	1	0	1	1	2	0	1	2	0	1	0	2	1	2	1	0	1	1	1	2	1	0	0	2	2	1	0	0	2	2	1	0
59	1	0	2	1	1	2	1	1	0	1	2	0	2	0	1	0	2	1	1	1	0	1	1	2	1	0	2	1	1	1	1	1	1	1	1	2	0	2	0	1	0	1	2	1	1	0	2	1	1	1	1	2	1	0	1	0	2	1	1	1
60	2	0	2	0	1	2	0	2	0	1	2	0	2	0	1	0	2	1	1	1	0	2	1	1	1	0	2	2	1	0	1	1	1	1	1	2	0	1	1	1	0	2	1	1	1	0	2	2	1	0	0	2	2	0	1	0	2	1	1	1
61	2	0	2	0	1	2	0	2	0	1	2	0	2	0	1	0	2	1	1	1	0	2	1	1	1	0	2	2	1	0	1	1	1	1	1	2	1	1	0	1	0	2	1	1	1	0	2	2	1	0	0	2	2	0	1	0	2	1	1	1
62	1	0	3	1	0	3	0	1	0	1	2	0	2	0	1	1	2	1	1	0	1	1	1	2	0	0	2	1	1	1	1	1	1	1	1	2	0	2	0	1	0	1	2	1	1	0	2	1	1	1	0	3	1	0	1	1	2	1	1	0
63	2	1	2	0	0	2	1	2	0	0	1	1	1	1	1	0	2	2	1	0	0	2	2	1	0	1	1	2	1	0	1	1	2	0	1	2	0	1	0	2	1	2	1	0	1	1	1	2	1	0	1	2	2	0	0	0	2	2	1	0
64	1	0	2	1	1	2	0	1	1	1	2	0	2	0	1	0	2	1	1	1	0	1	1	2	1	0	2	1	1	1	1	1	1	1	1	2	0	2	0	1	0	1	2	1	1	0	2	1	1	1	0	2	1	1	1	0	2	1	1	1
65	2	0	2	0	1	2	0	2	0	1	2	0	2	0	1	0	2	1	1	1	0	2	1	1	1	0	2	2	1	0	1	1	1	1	1	2	0	1	1	1	0	2	1	1	1	0	2	2	1	0	0	2	2	0	1	0	2	1	1	1
66	2	0	2	0	1	2	0	2	0	1	2	0	2	0	1	0	2	1	1	1	0	2	1	1	1	0	2	2	1	0	1	1	1	1	1	2	1	1	0	1	0	2	1	1	1	0	2	2	1	0	0	2	2	0	1	0	2	1	1	1
67	1	0	3	1	0	3	0	1	0	1	2	0	2	0	1	1	2	1	1	0	1	1	1	2	0	0	2	1	1	1	1	1	1	1	1	2	0	2	0	1	0	1	2	1	1	0	2	1	1	1	0	3	1	0	1	1	2	1	1	0
68	2	1	2	0	0	2	0	2	1	0	1	1	1	1	1	0	2	2	1	0	0	2	2	1	0	1	1	2	1	0	1	1	2	0	1	2	0	1	0	2	1	2	1	0	1	1	1	2	1	0	0	2	2	1	0	0	2	2	1	0
69	1	0	2	1	1	2	1	1	0	1	2	0	2	0	1	0	2	1	1	1	0	1	1	2	1	0	2	1	1	1	1	1	1	1	1	2	0	2	0	1	0	1	2	1	1	0	2	1	1	1	1	2	1	0	1	0	2	1	1	1
70	2	0	2	0	1	2	0	2	0	1	2	0	2	0	1	0	2	1	1	1	0	2	1	1	1	0	2	2	1	0	1	1	1	1	1	2	0	1	1	1	0	2	1	1	1	0	2	2	1	0	0	2	2	0	1	0	2	1	1	1
71	2	0	2	0	1	2	0	2	0	1	2	0	2	0	1	0	2	1	1	1	0	2	1	1	1	0	2	2	1	0	1	1	1	1	1	2	1	1	0	1	0	2	1	1	1	0	2	2	1	0	0	2	2	0	1	0	2	1	1	1
72	1	0	3	1	0	3	0	1	0	1	2	0	2	0	1	1	2	1	1	0	1	1	1	2	0	0	2	1	1	1	1	1	1	1	1	2	0	2	0	1	0	1	2	1	1	0	2	1	1	1	0	3	1	0	1	1	2	1	1	0
73	2	1	2	0	0	2	1	2	0	0	1	1	1	1	1	0	2	2	1	0	0	2	2	1	0	1	1	2	1	0	1	1	2	0	1	2	0	1	0	2	1	2	1	0	1	1	1	2	1	0	1	2	2	0	0	0	2	2	1	0
74	1	0	2	1	1	2	0	1	1	1	2	0	2	0	1	0	2	1	1	1	0	1	1	2	1	0	2	1	1	1	1	1	1	1	1	2	0	2	0	1	0	1	2	1	1	0	2	1	1	1	0	2	1	1	1	0	2	1	1	1
75	2	0	2	0	1	2	0	2	0	1	2	0	2	0	1	0	2	1	1	1	0	2	1	1	1	0	2	2	1	0	1	1	1	1	1	2	0	1	1	1	0	2	1	1	1	0	2	2	1	0	0	2	2	0	1	0	2	1	1	1
76	2	0	2	0	1	2	0	2	0	1	2	0	2	0	1	0	2	1	1	1	0	2	1	1	1	0	2	2	1	0	1	1	1	1	1	2	1	1	0	1	0	2	1	1	1	0	2	2	1	0	0	2	2	0	1	0	2	1	1	1
77	1	0	3	1	0	3	0	1	0	1	2	0	2	0	1	1	2	1	1	0	1	1	1	2	0	0	2	1	1	1	1	1	1	1	1	2	0	2	0	1	0	1	2	1	1	0	2	1	1	1	0	3	1	0	1	1	2	1	1	0
78	2	1	2	0	0	2	0	2	1	0	1	1	1	1	1	0	2	2	1	0	0	2	2	1	0	1	1	2	1	0	1	1	2	0	1	2	0	1	0	2	1	2	1	0	1	1	1	2	1	0	0	2	2	1	0	0	2	2	1	0
79	1	0	2	1	1	2	1	1	0	1	2	0	2	0	1	0	2	1	1	1	0	1	1	2	1	0	2	1	1	1	1	1	1	1	1	2	0	2	0	1	0	1	2	1	1	0	2	1	1	1	1	2	1	0	1	0	2	1	1	1
80	2	0	2	0	1	2	0	2	0	1	2	0	2	0	1	0	2	1	1	1	0	2	1	1	1	0	2	2	1	0	1	1	1	1	1	2	0	1	1	1	0	2	1	1	1	0	2	2	1	0	0	2	2	0	1	0	2	1	1	1
81	2	0	2	0	1	2	0	2	0	1	2	0	2	0	1	0	2	1	1	1	0	2	1	1	1	0	2	2	1	0	1	1	1	1	1	2	1	1	0	1	0	2	1	1	1	0	2	2	1	0	0	2	2	0	1	0	2	1	1	1
82	1	0	3	1	0	3	0	1	0	1	2	0	2	0	1	1	2	1	1	0	1	1	1	2	0	0	2	1	1	1	1	1	1	1	1	2	0	2	0	1	0	1	2	1	1	0	2	1	1	1	0	3	1	0	1	1	2	1	1	0
83	2	1	2	0	0	2	1	2	0	0	1	1	1	1	1	0	2	2	1	0	0	2	2	1	0	1	1	2	1	0	1	1	2	0	1	2	0	1	0	2	1	2	1	0	1	1	1	2	1	0	1	2	2	0	0	0	2	2	1	0
84	1	0	2	1	1	2	0	1	1	1	2	0	2	0	1	0	2	1	1	1	0	1	1	2	1	0	2	1	1	1	1	1	1	1	1	2	0	2	0	1	0	1	2	1	1	0	2	1	1	1	0	2	1	1	1	0	2	1	1	1
85	2	0	2	0	1	2	0	2	0	1	2	0	2	0	1	0	2	1	1	1	0	2	1	1	1	0	2	2	1	0	1	1	1	1	1	2	0	1	1	1	0	2	1	1	1	0	2	2	1	0	0	2	2	0	1	0	2	1	1	1
86	2	0	2	0	1	2	0	2	0	1	2	0	2	0	1	0	2	1	1	1	0	2	1	1	1	0	2	2	1	0	1	1	1	1	1	2	1	1	0	1	0	2	1	1	1	0	2	2	1	0	0	2	2	0	1	0	2	1	1	1
87	1	0	3	1	0	3	0	1	0	1	2	0	2	0	1	1	2	1	1	0	1	1	1	2	0	0	2	1	1	1	1	1	1	1	1	2	0	2	0	1	0	1	2	1	1	0	2	1	1	1	0	3	1	0	1	1	2	1	1	0
88	2	1	2	0	0	2	0	2	1	0	1	1	1	1	1	0	2	2	1	0	0	2	2	1	0	1	1	2	1	0	1	1	2	0	1	2	0	1	0	2	1	2	1	0	1	1	1	2	1	0	0	2	2	1	0	0	2	2	1	0
89	1	0	2	1	1	2	1	1	0	1	2	0	2	0	1	0	2	1	1	1	0	1	1	2	1	0	2	1	1	1	1	1	1	1	1	2	0	2	0	1	0	1	2	1	1	0	2	1	1	1	1	2	1	0	1	0	2	1	1	1
90	2	0	2	0	1	2	0	2	0	1	2	0	2	0	1	0	2	1	1	1	0	2	1	1	1	0	2	2	1	0	1	1	1	1	1	2	0	1	1	1	0	2	1	1	1	0	2	2	1	0	0	2	2	0	1	0	2	1	1	1
91	2	0	2	0	1	2	0	2	0	1	2	0	2	0	1	0	2	1	1	1	0	2	1	1	1	0	2	2	1	0	1	1	1	1	1	2	1	1	0	1	0	2	1	1	1	0	2	2	1	0	0	2	2	0	1	0	2	1	1	1
92	1	0	3	1	0	3	0	1	0	1	2	0	2	0	1	1	2	1	1	0	1	1	1	2	0	0	2	1	1	1	1	1	1	1	1	2	0	2	0	1	0	1	2	1	1	0	2	1	1	1	0	3	1	0	1	1	2	1	1	0
93	2	1	2	0	0	2	1	2	0	0	1	1	1	1	1	0	2	2	1	0	0	2	2	1	0	1	1	2	1	0	1	1	2	0	1	2	0	1	0	2	1	2	1	0	1	1	1	2	1	0	1	2	2	0	0	0	2	2	1	0
94	1	0	2	1	1	2	0	1	1	1	2	0	2	0	1	0	2	1	1	1	0	1	1	2	1	0	2	1	1	1	1	1	1	1	1	2	0	2	0	1	0	1	2	1	1	0	2	1	1	1	0	2	1	1	1	0	2	1	1	1
95	2	0	2	0	1	2	0	2	0	1	2	0	2	0	1	0	2	1	1	1	0	2	1	1	1	0	2	2	1	0	1	1	1	1	1	2	0	1	1	1	0	2	1	1	1	0	2	2	1	0	0	2	2	0	1	0	2	1	1	1
96	2	0	2	0	1	2	0	2	0	1	2	0	2	0	1	0	2	1	1	1	0	2	1	1	1	0	2	2	1	0	1	1	1	1	1	2	1	1	0	1	0	2	1	1	1	0	2	2	1	0	0	2	2	0	1	0	2	1	1	1
97	1	0	3	1	0	3	0	1	0	1	2	0	2	0	1	1	2	1	1	0	1	1	1	2	0	0	2	1	1	1	1	1	1	1	1	2	0	2	0	1	0	1	2	1	1	0	2	1	1	1	0	3	1	0	1	1	2	1	1	0
98	2	1	2	0	0	2	0	2	1	0	1	1	1	1	1	0	2	2	1	0	0	2	2	1	0	1	1	2	1	0	1	1	2	0	1	2	0	1	0	2	1	2	1	0	1	1	1	2	1	0	0	2	2	1	0	0	2	2	1	0
99	1	0	2	1	1	2	1	1	0	1	2	0	2	0	1	0	2	1	1	1	0	1	1	2	1	0	2	1	1	1	1	1	1	1	1	2	0	2	0	1	0	1	2	1	1	0	2	1	1	1	1	2	1	0	1	0	2	1	1	1
100	2	0	2	0	1	2	0	2	0	1	2	0	2	0	1	0	2	1	1	1	0	2	1	1	1	0	2	2	1	0	1	1	1	1	1	2	0	1	1	1	0	2	1	1	1	0	2	2	1	0	0	2	2	0	1	0	2	1	1	1
101	2	0	2	0	1	2	0	2	0	1	2	0	2	0	1	0	2	1	1	1	0	2	1	1	1	0	2	2	1	0	1	1	1	1	1	2	1	1	0	1	0	2	1	1	1	0	2	2	1	0	0	2	2	0	1	0	2	1	1	1
102	1	0	3	1	0	3	0	1	0	1	2	0	2	0	1	1	2	1	1	0	1	1	1	2	0	0	2	1	1	1	1	1	1	1	1	2	0	2	0	1	0	1	2	1	1	0	2	1	1	1	0	3	1	0	1	1	2	1	1	0
103	2	1	2	0	0	2	1	2	0	0	1	1	1	1	1	0	2	2	1	0	0	2	2	1	0	1	1	2	1	0	1	1	2	0	1	2	0	1	0	2	1	2	1	0	1	1	1	2	1	0	1	2	2	0	0	0	2	2	1	0
104	1	0	2	1	1	2	0	1	1	1	2	0	2	0	1	0	2	1	1	1	0	1	1	2	1	0	2	1	1	1	1	1	1	1	1	2	0	2	0	1	0	1	2	1	1	0	2	1	1	1	0	2	1	1	1	0	2	1	1	1
105	2	0	2	0	1	2	0	2	0	1	2	0	2	0	1	0	2	1	1	1	0	2	1	1	1	0	2	2	1	0	1	1	1	1	1	2	0	1	1	1	0	2	1	1	1	0	2	2	1	0	0	2	2	0	1	0	2	1	1	1
106	2	0	2	0	1	2	0	2	0	1	2	0	2	0	1	0	2	1	1	1	0	2	1	1	1	0	2	2	1	0	1	1	1	1	1	2	1	1	0	1	0	2	1	1	1	0	2	2	1	0	0	2	2	0	1	0	2	1	1	1
107	1	0	3	1	0	3	0	1	0	1	2	0	2	0	1	1	2	1	1	0	1	1	1	2	0	0	2	1	1	1	1	1	1	1	1	2	0	2	0	1	0	1	2	1	1	0	2	1	1	1	0	3	1	0	1	1	2	1	1	0
108	2	1	2	0	0	2	0	2	1	0	1	1	1	1	1	0	2	2	1	0	0	2	2	1	0	1	1	2	1	0	1	1	2	0	1	2	0	1	0	2	1	2	1	0	1	1	1	2	1	0	0	2	2	1	0	0	2	2	1	0
109	1	0	2	1	1	2	1	1	0	1	2	0	2	0	1	0	2	1	1	1	0	1	1	2	1	0	2	1	1	1	1	1	1	1	1	2	0	2	0	1	0	1	2	1	1	0	2	1	1	1	1	2	1	0	1	0	2	1	1	1
110	2	0	2	0	1	2	0	2	0	1	2	0	2	0	1	0	2	1	1	1	0	2	1	1	1	0	2	2	1	0	1	1	1	1	1	2	0	1	1	1	0	2	1	1	1	0	2	2	1	0	0	2	2	0	1	0	2	1	1	1
111	2	0	2	0	1	2	0	2	0	1	2	0	2	0	1	0	2	1	1	1	0	2	1	1	1	0	2	2	1	0	1	1	1	1	1	2	1	1	0	1	0	2	1	1	1	0	2	2	1	0	0	2	2	0	1	0	2	1	1	1
112	1	0	3	1	0	3	0	1	0	1	2	0	2	0	1	1	2	1	1	0	1	1	1	2	0	0	2	1	1	1	1	1	1	1	1	2	0	2	0	1	0	1	2	1	1	0	2	1	1	1	0	3	1	0	1	1	2	1	1	0
113	2	1	2	0	0	2	1	2	0	0	1	1	1	1	1	0	2	2	1	0	0	2	2	1	0	1	1	2	1	0	1	1	2	0	1	2	0	1	0	2	1	2	1	0	1	1	1	2	1	0	1	2	2	0	0	0	2	2	1	0
114	1	0	2	1	1	2	0	1	1	1	2	0	2	0	1	0	2	1	1	1	0	1	1	2	1	0	2	1	1	1	1	1	1	1	1	2	0	2	0	1	0	1	2	1	1	0	2	1	1	1	0	2	1	1	1	0	2	1	1	1
115	2	0	2	0	1	2	0	2	0	1	2	0	2	0	1	0	2	1	1	1	0	2	1	1	1	0	2	2	1	0	1	1	1	1	1	2	0	1	1	1	0	2	1	1	1	0	2	2	1	0	0	2	2	0	1	0	2	1	1	1
116	2	0	2	0	1	2	0	2	0	1	2	0	2	0	1	0	2	1	1	1	0	2	1	1	1	0	2	2	1	0	1	1	1	1	1	2	1	1	0	1	0	2	1	1	1	0	2	2	1	0	0	2	2	0	1	0	2	1	1	1
117	1	0	3	1	0	3	0	1	0	1	2	0	2	0	1	1	2	1	1	0	1	1	1	2	0	0	2	1	1	1	1	1	1	1	1	2	0	2	0	1	0	1	2	1	1	0	2	1	1	1	0	3	1	0	1	1	2	1	1	0
118	2	1	2	0	0	2	0	2	1	0	1	1	1	1	1	0	2	2	1	0	0	2	2	1	0	1	1	2	1	0	1	1	2	0	1	2	0	1	0	2	1	2	1	0	1	1	1	2	1	0	0	2	2	1	0	0	2	2	1	0
119	1	0	2	1	1	2	1	1	0	1	2	0	2	0	1	0	2	1	1	1	0	1	1	2	1	0	2	1	1	1	1	1	1	1	1	2	0	2	0	1	0	1	2	1	1	0	2	1	1	1	1	2	1	0	1	0	2	1	1	1
120	2	0	2	0	1	2	0	2	0	1	2	0	2	0	1	0	2	1	1	1	0	2	1	1	1	0	2	2	1	0	1	1	1	1	1	2	0	1	1	1	0	2	1	1	1	0	2	2	1	0	0	2	2	0	1	0	2	1	1	1
121	2	0	2	0	1	2	0	2	0	1	2	0	2	0	1	0	2	1	1	1	0	2	1	1	1	0	2	2	1	0	1	1	1	1	1	2	1	1	0	1	0	2	1	1	1	0	2	2	1	0	0	2	2	0	1	0	2	1	1	1
122	1	0	3	1	0	3	0	1	0	1	2	0	2	0	1	1	2	1	1	0	1	1	1	2	0	0	2	1	1	1	1	1	1	1	1	2	0	2	0	1	0	1	2	1	1	0	2	1	1	1	0	3	1	0	1	1	2	1	1	0
123	2	1	2	0	0	2	1	2	0	0	1	1	1	1	1	0	2	2	1	0	0	2	2	1	0	1	1	2	1	0	1	1	2	0	1	2	0	1	0	2	1	2	1	0	1	1	1	2	1	0	1	2	2	0	0	0	2	2	1	0
124	1	0	2	1	1	2	0	1	1	1	2	0	2	0	1	0	2	1	1	1	0	1	1	2	1	0	2	1	1	1	1	1	1	1	1	2	0	2	0	1	0	1	2	1	1	0	2	1	1	1	0	2	1	1	1	0	2	1	1	1
125	2	0	2	0	1	2	0	2	0	1	2	0	2	0	1	0	2	1	1	1	0	2	1	1	1	0	2	2	1	0	1	1	1	1	1	2	0	1	1	1	0	2	1	1	1	0	2	2	1	0	0	2	2	0	1	0	2	1	1	1
126	2	0	2	0	1	2	0	2	0	1	2	0	2	0	1	0	2	1	1	1	0	2	1	1	1	0	2	2	1	0	1	1	1	1	1	2	1	1	0	1	0	2	1	1	1	0	2	2	1	0	0	2	2	0	1	0	2	1	1	1
127	1	0	3	1	0	3	0	1	0	1	2	0	2	0	1	1	2	1	1	0	1	1	1	2	0	0	2	1	1	1	1	1	1	1	1	2	0	2	0	1	0	1	2	1	1	0	2	1	1	1	0	3	1	0	1	1	2	1	1	0
128	2	1	2	0	0	2	0	2	1	0	1	1	1	1	1	0	2	2	1	0	0	2	2	1	0	1	1	2	1	0	1	1	2	0	1	2	0	1	0	2	1	2	1	0	1	1	1	2	1	0	0	2	2	1	0	0	2	2	1	0
129	1	0	2	1	1	2	1	1	0	1	2	0	2	0	1	0	2	1	1	1	0	1	1	2	1	0	2	1	1	1	1	1	1	1	1	2	0	2	0	1	0	1	2	1	1	0	2	1	1	1	1	2	1	0	1	0	2	1	1	1
130	2	0	2	0	1	2	0	2	0	1	2	0	2	0	1	0	2	1	1	1	0	2	1	1	1	0	2	2	1	0	1	1	1	1	1	2	0	1	1	1	0	2	1	1	1	0	2	2	1	0	0	2	2	0	1	0	2	1	1	1
131	2	0	2	0	1	2	0	2	0	1	2	0	2	0	1	0	2	1	1	1	0	2	1	1	1	0	2	2	1	0	1	1	1	1	1	2	1	1	0	1	0	2	1	1	1	0	2	2	1	0	0	2	2	0	1	0	2	1	1	1
132	1	0	3	1	0	3	0	1	0	1	2	0	2	0	1	1	2	1	1	0	1	1	1	2	0	0	2	1	1	1	1	1	1	1	1	2	0	2	0	1	0	1	2	1	1	0	2	1	1	1	0	3	1	0	1	1	2	1	1	0
133	2	1	2	0	0	2	1	2	0	0	1	1	1	1	1	0	2	2	1	0	0	2	2	1	0	1	1	2	1	0	1	1	2	0	1	2	0	1	0	2	1	2	1	0	1	1	1	2	1	0	1	2	2	0	0	0	2	2	1	0
134	1	0	2	1	1	2	0	1	1	1	2	0	2	0	1	0	2	1	1	1	0	1	1	2	1	0	2	1	1	1	1	1	1	1	1	2	0	2	0	1	0	1	2	1	1	0	2	1	1	1	0	2	1	1	1	0	2	1	1	1
135	2	0	2	0	1	2	0	2	0	1	2	0	2	0	1	0	2	1	1	1	0	2	1	1	1	0	2	2	1	0	1	1	1	1	1	2	0	1	1	1	0	2	1	1	1	0	2	2	1	0	0	2	2	0	1	0	2	1	1	1
136	2	0	2	0	1	2	0	2	0	1	2	0	2	0	1	0	2	1	1	1	0	2	1	1	1	0	2	2	1	0	1	1	1	1	1	2	1	1	0	1	0	2	1	1	1	0	2	2	1	0	0	2	2	0	1	0	2	1	1	1
137	1	0	3	1	0	3	0	1	0	1	2	0	2	0	1	1	2	1	1	0	1	1	1	2	0	0	2	1	1	1	1	1	1	1	1	2	0	2	0	1	0	1	2	1	1	0	2	1	1	1	0	3	1	0	1	1	2	1	1	0
138	2	1	2	0	0	2	0	2	1	0	1	1	1	1	1	0	2	2	1	0	0	2	2	1	0	1	1	2	1	0	1	1	2	0	1	2	0	1	0	2	1	2	1	0	1	1	1	2	1	0	0	2	2	1	0	0	2	2	1	0
139	1	0	2	1	1	2	1	1	0	1	2	0	2	0	1	0	2	1	1	1	0	1	1	2	1	0	2	1	1	1	1	1	1	1	1	2	0	2	0	1	0	1	2	1	1	0	2	1	1	1	1	2	1	0	1	0	2	1	1	1
140	2	0	2	0	1	2	0	2	0	1	2	0	2	0	1	0	2	1	1	1	0	2	1	1	1	0	2	2	1	0	1	1	1	1	1	2	0	1	1	1	0	2	1	1	1	0	2	2	1	0	0	2	2	0	1	0	2	1	1	1
141	2	0	2	0	1	2	0	2	0	1	2	0	2	0	1	0	2	1	1	1	0	2	1	1	1	0	2	2	1	0	1	1	1	1	1	2	1	1	0	1	0	2	1	1	1	0	2	2	1	0	0	2	2	0	1	0	2	1	1	1
142	1	0	3	1	0	3	0	1	0	1	2	0	2	0	1	1	2	1	1	0	1	1	1	2	0	0	2	1	1	1	1	1	1	1	1	2	0	2	0	1	0	1	2	1	1	0	2	1	1	1	0	3	1	0	1	1	2	1	1	0
143	2	1	2	0	0	2	1	2	0	0	1	1	1	1	1	0	2	2	1	0	0	2	2	1	0	1	1	2	1	0	1	1	2	0	1	2	0	1	0	2	1	2	1	0	1	1	1	2	1	0	1	2	2	0	0	0	2	2	1	0
144	1	0	2	1	1	2	0	1	1	1	2	0	2	0	1	0	2	1	1	1	0	1	1	2	1	0	2	1	1	1	1	1	1	1	1	2	0	2	0	1	0	1	2	1	1	0	2	1	1	1	0	2	1	1	1	0	2	1	1	1
145	2	0	2	0	1	2	0	2	0	1	2	0	2	0	1	0	2	1	1	1	0	2	1	1	1	0	2	2	1	0	1	1	1	1	1	2	0	1	1	1	0	2	1	1	1	0	2	2	1	0	0	2	2	0	1	0	2	1	1	1
146	2	0	2	0	1	2	0	2	0	1	2	0	2	0	1	0	2	1	1	1	0	2	1	1	1	0	2	2	1	0	1	1	1	1	1	2	1	1	0	1	0	2	1	1	1	0	2	2	1	0	0	2	2	0	1	0	2	1	1	1
147	1	0	3	1	0	3	0	1	0	1	2	0	2	0	1	1	2	1	1	0	1	1	1	2	0	0	2	1	1	1	1	1	1	1	1	2	0	2	0	1	0	1	2	1	1	0	2	1	1	1	0	3	1	0	1	1	2	1	1	0
148	2	1	2	0	0	2	0	2	1	0	1	1	1	1	1	0	2	2	1	0	0	2	2	1	0	1	1	2	1	0	1	1	2	0	1	2	0	1	0	2	1	2	1	0	1	1	1	2	1	0	0	2	2	1	0	0	2	2	1	0
149	1	0	2	1	1	2	1	1	0	1	2	0	2	0	1	0	2	1	1	1	0	1	1	2	1	0	2	1	1	1	1	1	1	1	1	2	0	2	0	1	0	1	2	1	1	0	2	1	1	1	1	2	1	0	1	0	2	1	1	1
150	2	0	2	0	1	2	0	2	0	1	2	0	2	0	1	0	2	1	1	1	0	2	1	1	1	0	2	2	1	0	1	1	1	1	1	2	0	1	1	1	0	2	1	1	1	0	2	2	1	0	0	2	2	0	1	0	2	1	1	1
151	2	0	2	0	1	2	0	2	0	1	2	0	2	0	1	0	2	1	1	1	0	2	1	1	1	0	2	2	1	0	1	1	1	1	1	2	1	1	0	1	0	2	1	1	1	0	2	2	1	0	0	2	2	0	1	0	2	1	1	1
152	1	0	3	1	0	3	0	1	0	1	2	0	2	0	1	1	2	1	1	0	1	1	1	2	0	0	2	1	1	1	1	1	1	1	1	2	0	2	0	1	0	1	2	1	1	0	2	1	1	1	0	3	1	0	1	1	2	1	1	0
153	2	1	2	0	0	2	1	2	0	0	1	1	1	1	1	0	2	2	1	0	0	2	2	1	0	1	1	2	1	0	1	1	2	0	1	2	0	1	0	2	1	2	1	0	1	1	1	2	1	0	1	2	2	0	0	0	2	2	1	0
154	1	0	2	1	1	2	0	1	1	1	2	0	2	0	1	0	2	1	1	1	0	1	1	2	1	0	2	1	1	1	1	1	1	1	1	2	0	2	0	1	0	1	2	1	1	0	2	1	1	1	0	2	1	1	1	0	2	1	1	1
155	2	0	2	0	1	2	0	2	0	1	2	0	2	0	1	0	2	1	1	1	0	2	1	1	1	0	2	2	1	0	1	1	1	1	1	2	0	1	1	1	0	2	1	1	1	0	2	2	1	0	0	2	2	0	1	0	2	1	1	1
156	2	0	2	0	1	2	0	2	0	1	2	0	2	0	1	0	2	1	1	1	0	2	1	1	1	0	2	2	1	0	1	1	1	1	1	2	1	1	0	1	0	2	1	1	1	0	2	2	1	0	0	2	2	0	1	0	2	1	1	1
157	1	0	3	1	0	3	0	1	0	1	2	0	2	0	1	1	2	1	1	0	1	1	1	2	0	0	2	1	1	1	1	1	1	1	1	2	0	2	0	1	0	1	2	1	1	0	2	1	1	1	0	3	1	0	1	1	2	1	1	0
158	2	1	2	0	0	2	0	2	1	0	1	1	1	1	1	0	2	2	1	0	0	2	2	1	0	1	1	2	1	0	1	1	2	0	1	2	0	1	0	2	1	2	1	0	1	1	1	2	1	0	0	2	2	1	0	0	2	2	1	0
159	1	0	2	1	1	2	1	1	0	1	2	0	2	0	1	0	2	1	1	1	0	1	1	2	1	0	2	1	1	1	1	1	1	1	1	2	0	2	0	1	0	1	2	1	1	0	2	1	1	1	1	2	1	0	1	0	2	1	1	1
160	2	0	2	0	1	2	0	2	0	1	2	0	2	0	1	0	2	1	1	1	0	2	1	1	1	0	2	2	1	0	1	1	1	1	1	2	0	1	1	1	0	2	1	1	1	0	2	2	1	0	0	2	2	0	1	0	2	1	1	1
161	2	0	2	0	1	2	0	2	0	1	2	0	2	0	1	0	2	1	1	1	0	2	1	1	1	0	2	2	1	0	1	1	1	1	1	2	1	1	0	1	0	2	1	1	1	0	2	2	1	0	0	2	2	0	1	0	2	1	1	1
162	1	0	3	1	0	3	0	1	0	1	2	0	2	0	1	1	2	1	1	0	1	1	1	2	0	0	2	1	1	1	1	1	1	1	1	2	0	2	0	1	0	1	2	1	1	0	2	1	1	1	0	3	1	0	1	1	2	1	1	0
163	2	1	2	0	0	2	1	2	0	0	1	1	1	1	1	0	2	2	1	0	0	2	2	1	0	1	1	2	1	0	1	1	2	0	1	2	0	1	0	2	1	2	1	0	1	1	1	2	1	0	1	2	2	0	0	0	2	2	1	0
164	1	0	2	1	1	2	0	1	1	1	2	0	2	0	1	0	2	1	1	1	0	1	1	2	1	0	2	1	1	1	1	1	1	1	1	2	0	2	0	1	0	1	2	1	1	0	2	1	1	1	0	2	1	1	1	0	2	1	1	1
165	2	0	2	0	1	2	0	2	0	1	2	0	2	0	1	0	2	1	1	1	0	2	1	1	1	0	2	2	1	0	1	1	1	1	1	2	0	1	1	1	0	2	1	1	1	0	2	2	1	0	0	2	2	0	1	0	2	1	1	1
166	2	0	2	0	1	2	0	2	0	1	2	0	2	0	1	0	2	1	1	1	0	2	1	1	1	0	2	2	1	0	1	1	1	1	1	2	1	1	0	1	0	2	1	1	1	0	2	2	1	0	0	2	2	0	1	0	2	1	1	1
167	1	0	3	1	0	3	0	1	0	1	2	0	2	0	1	1	2	1	1	0	1	1	1	2	0	0	2	1	1	1	1	1	1	1	1	2	0	2	0	1	0	1	2	1	1	0	2	1	1	1	0	3	1	0	1	1	2	1	1	0
168	2	1	2	0	0	2	0	2	1	0	1	1	1	1	1	0	2	2	1	0	0	2	2	1	0	1	1	2	1	0	1	1	2	0	1	2	0	1	0	2	1	2	1	0	1	1	1	2	1	0	0	2	2	1	0	0	2	2	1	0
169	1	0	2	1	1	2	1	1	0	1	2	0	2	0	1	0	2	1	1	1	0	1	1	2	1	0	2	1	1	1	1	1	1	1	1	2	0	2	0	1	0	1	2	1	1	0	2	1	1	1	1	2	1	0	1	0	2	1	1	1
170	2	0	2	0	1	2	0	2	0	1	2	0	2	0	1	0	2	1	1	1	0	2	1	1	1	0	2	2	1	0	1	1	1	1	1	2	0	1	1	1	0	2	1	1	1	0	2	2	1	0	0	2	2	0	1	0	2	1	1	1
171	2	0	2	0	1	2	0	2	0	1	2	0	2	0	1	0	2	1	1	1	0	2	1	1	1	0	2	2	1	0	1	1	1	1	1	2	1	1	0	1	0	2	1	1	1	0	2	2	1	0	0	2	2	0	1	0	2	1	1	1
172	1	0	3	1	0	3	0	1	0	1	2	0	2	0	1	1	2	1	1	0	1	1	1	2	0	0	2	1	1	1	1	1	1	1	1	2	0	2	0	1	0	1	2	1	1	0	2	1	1	1	0	3	1	0	1	1	2	1	1	0
173	2	1	2	0	0	2	1	2	0	0	1	1	1	1	1	0	2	2	1	0	0	2	2	1	0	1	1	2	1	0	1	1	2	0	1	2	0	1	0	2	1	2	1	0	1	1	1	2	1	0	1	2	2	0	0	0	2	2	1	0
174	1	0	2	1	1	2	0	1	1	1	2	0	2	0	1	0	2	1	1	1	0	1	1	2	1	0	2	1	1	1	1	1	1	1	1	2	0	2	0	1	0	1	2	1	1	0	2	1	1	1	0	2	1	1	1	0	2	1	1	1
175	2	0	2	0	1	2	0	2	0	1	2	0	2	0	1	0	2	1	1	1	0	2	1	1	1	0	2	2	1	0	1	1	1	1	1	2	0	1	1	1	0	2	1	1	1	0	2	2	1	0	0	2	2	0	1	0	2	1	1	1
176	2	0	2	0	1	2	0	2	0	1	2	0	2	0	1	0	2	1	1	1	0	2	1	1	1	0	2	2	1	0	1	1	1	1	1	2	1	1	0	1	0	2	1	1	1	0	2	2	1	0	0	2	2	0	1	0	2	1	1	1
177	1	0	3	1	0	3	0	1	0	1	2	0	2	0	1	1	2	1	1	0	1	1	1	2	0	0	2	1	1	1	1	1	1	1	1	2	0	2	0	1	0	1	2	1	1	0	2	1	1	1	0	3	1	0	1	1	2	1	1	0
178	2	1	2	0	0	2	0	2	1	0	1	1	1	1	1	0	2	2	1	0	0	2	2	1	0	1	1	2	1	0	1	1	2	0	1	2	0	1	0	2	1	2	1	0	1	1	1	2	1	0	0	2	2	1	0	0	2	2	1	0
179	1	0	2	1	1	2	1	1	0	1	2	0	2	0	1	0	2	1	1	1	0	1	1	2	1	0	2	1	1	1	1	1	1	1	1	2	0	2	0	1	0	1	2	1	1	0	2	1	1	1	1	2	1	0	1	0	2	1	1	1
180	2	0	2	0	1	2	0	2	0	1	2	0	2	0	1	0	2	1	1	1	0	2	1	1	1	0	2	2	1	0	1	1	1	1	1	2	0	1	1	1	0	2	1	1	1	0	2	2	1	0	0	2	2	0	1	0	2	1	1	1
181	2	0	2	0	1	2	0	2	0	1	2	0	2	0	1	0	2	1	1	1	0	2	1	1	1	0	2	2	1	0	1	1	1	1	1	2	1	1	0	1	0	2	1	1	1	0	2	2	1	0	0	2	2	0	1	0	2	1	1	1
182	1	0	3	1	0	3	0	1	0	1	2	0	2	0	1	1	2	1	1	0	1	1	1	2	0	0	2	1	1	1	1	1	1	1	1	2	0	2	0	1	0	1	2	1	1	0	2	1	1	1	0	3	1	0	1	1	2	1	1	0
183	2	1	2	0	0	2	1	2	0	0	1	1	1	1	1	0	2	2	1	0	0	2	2	1	0	1	1	2	1	0	1	1	2	0	1	2	0	1	0	2	1	2	1	0	1	1	1	2	1	0	1	2	2	0	0	0	2	2	1	0
184	1	0	2	1	1	2	0	1	1	1	2	0	2	0	1	0	2	1	1	1	0	1	1	2	1	0	2	1	1	1	1	1	1	1	1	2	0	2	0	1	0	1	2	1	1	0	2	1	1	1	0	2	1	1	1	0	2	1	1	1
185	2	0	2	0	1	2	0	2	0	1	2	0	2	0	1	0	2	1	1	1	0	2	1	1	1	0	2	2	1	0	1	1	1	1	1	2	0	1	1	1	0	2	1	1	1	0	2	2	1	0	0	2	2	0	1	0	2	1	1	1
186	2	0	2	0	1	2	0	2	0	1	2	0	2	0	1	0	2	1	1	1	0	2	1	1	1	0	2	2	1	0	1	1	1	1	1	2	1	1	0	1	0	2	1	1	1	0	2	2	1	0	0	2	2	0	1	0	2	1	1	1
187	1	0	3	1	0	3	0	1	0	1	2	0	2	0	1	1	2	1	1	0	1	1	1	2	0	0	2	1	1	1	1	1	1	1	1	2	0	2	0	1	0	1	2	1	1	0	2	1	1	1	0	3	1	0	1	1	2	1	1	0
188	2	1	2	0	0	2	0	2	1	0	1	1	1	1	1	0	2	2	1	0	0	2	2	1	0	1	1	2	1	0	1	1	2	0	1	2	0	1	0	2	1	2	1	0	1	1	1	2	1	0	0	2	2	1	0	0	2	2	1	0
189	1	0	2	1	1	2	1	1	0	1	2	0	2	0	1	0	2	1	1	1	0	1	1	2	1	0	2	1	1	1	1	1	1	1	1	2	0	2	0	1	0	1	2	1	1	0	2	1	1	1	1	2	1	0	1	0	2	1	1	1
190	2	0	2	0	1	2	0	2	0	1	2	0	2	0	1	0	2	1	1	1	0	2	1	1	1	0	2	2	1	0	1	1	1	1	1	2	0	1	1	1	0	2	1	1	1	0	2	2	1	0	0	2	2	0	1	0	2	1	1	1
191	2	0	2	0	1	2	0	2	0	1	2	0	2	0	1	0	2	1	1	1	0	2	1	1	1	0	2	2	1	0	1	1	1	1	1	2	1	1	0	1	0	2	1	1	1	0	2	2	1	0	0	2	2	0	1	0	2	1	1	1
192	1	0	3	1	0	3	0	1	0	1	2	0	2	0	1	1	2	1	1	0	1	1	1	2	0	0	2	1	1	1	1	1	1	1	1	2	0	2	0	1	0	1	2	1	1	0	2	1	1	1	0	3	1	0	1	1	2	1	1	0
193	2	1	2	0	0	2	1	2	0	0	1	1	1	1	1	0	2	2	1	0	0	2	2	1	0	1	1	2	1	0	1	1	2	0	1	2	0	1	0	2	1	2	1	0	1	1	1	2	1	0	1	2	2	0	0	0	2	2	1	0
194	1	0	2	1	1	2	0	1	1	1	2	0	2	0	1	0	2	1	1	1	0	1	1	2	1	0	2	1	1	1	1	1	1	1	1	2	0	2	0	1	0	1	2	1	1	0	2	1	1	1	0	2	1	1	1	0	2	1	1	1
195	2	0	2	0	1	2	0	2	0	1	2	0	2	0	1	0	2	1	1	1	0	2	1	1	1	0	2	2	1	0	1	1	1	1	1	2	0	1	1	1	0	2	1	1	1	0	2	2	1	0	0	2	2	0	1	0	2	1	1	1
196	2	0	2	0	1	2	0	2	0	1	2	0	2	0	1	0	2	1	1	1	0	2	1	1	1	0	2	2	1	0	1	1	1	1	1	2	1	1	0	1	0	2	1	1	1	0	2	2	1	0	0	2	2	0	1	0	2	1	1	1
197	1	0	3	1	0	3	0	1	0	1	2	0	2	0	1	1	2	1	1	0	1	1	1	2	0	0	2	1	1	1	1	1	1	1	1	2	0	2	0	1	0	1	2	1	1	0	2	1	1	1	0	3	1	0	1	1	2	1	1	0
198	2	1	2	0	0	2	0	2	1	0	1	1	1	1	1	0	2	2	1	0	0	2	2	1	0	1	1	2	1	0	1	1	2	0	1	2	0	1	0	2	1	2	1	0	1	1	1	2	1	0	0	2	2	1	0	0	2	2	1	0
199	1	0	2	1	1	2	1	1	0	1	2	0	2	0	1	0	2	1	1	1	0	1	1	2	1	0	2	1	1	1	1	1	1	1	1	2	0	2	0	1	0	1	2	1	1	0	2	1	1	1	1	2	1	0	1	0	2	1	1	1
200	2	0	2	0	1	2	0	2	0	1	2	0	2	0	1	0	2	1	1	1	0	2	1	1	1	0	2	2	1	0	1	1	1	1	1	2	0	1	1	1	0	2	1	1	1	0	2	2	1	0	0	2	2	0	1	0	2	1	1	1
201	2	0	2	0	1	2	0	2	0	1	2	0	2	0	1	0	2	1	1	1	0	2	1	1	1	0	2	2	1	0	1	1	1	1	1	2	1	1	0	1	0	2	1	1	1	0	2	2	1	0	0	2	2	0	1	0	2	1	1	1
202	1	0	3	1	0	3	0	1	0	1	2	0	2	0	1	1	2	1	1	0	1	1	1	2	0	0	2	1	1	1	1	1	1	1	1	2	0	2	0	1	0	1	2	1	1	0	2	1	1	1	0	3	1	0	1	1	2	1	1	0
203	2	1	2	0	0	2	1	2	0	0	1	1	1	1	1	0	2	2	1	0	0	2	2	1	0	1	1	2	1	0	1	1	2	0	1	2	0	1	0	2	1	2	1	0	1	1	1	2	1	0	1	2	2	0	0	0	2	2	1	0
204	1	0	2	1	1	2	0	1	1	1	2	0	2	0	1	0	2	1	1	1	0	1	1	2	1	0	2	1	1	1	1	1	1	1	1	2	0	2	0	1	0	1	2	1	1	0	2	1	1	1	0	2	1	1	1	0	2	1	1	1
205	2	0	2	0	1	2	0	2	0	1	2	0	2	0	1	0	2	1	1	1	0	2	1	1	1	0	2	2	1	0	1	1	1	1	1	2	0	1	1	1	0	2	1	1	1	0	2	2	1	0	0	2	2	0	1	0	2	1	1	1
206	2	0	2	0	1	2	0	2	0	1	2	0	2	0	1	0	2	1	1	1	0	2	1	1	1	0	2	2	1	0	1	1	1	1	1	2	1	1	0	1	0	2	1	1	1	0	2	2	1	0	0	2	2	0	1	0	2	1	1	1
207	1	0	3	1	0	3	0	1	0	1	2	0	2	0	1	1	2	1	1	0	1	1	1	2	0	0	2	1	1	1	1	1	1	1	1	2	0	2	0	1	0	1	2	1	1	0	2	1	1	1	0	3	1	0	1	1	2	1	1	0
208	2	1	2	0	0	2	0	2	1	0	1	1	1	1	1	0	2	2	1	0	0	2	2	1	0	1	1	2	1	0	1	1	2	0	1	2	0	1	0	2	1	2	1	0	1	1	1	2	1	0	0	2	2	1	0	0	2	2	1	0
209	1	0	2	1	1	2	1	1	0	1	2	0	2	0	1	0	2	1	1	1	0	1	1	2	1	0	2	1	1	1	1	1	1	1	1	2	0	2	0	1	0	1	2	1	1	0	2	1	1	1	1	2	1	0	1	0	2	1	1	1
210	2	0	2	0	1	2	0	2	0	1	2	0	2	0	1	0	2	1	1	1	0	2	1	1	1	0	2	2	1	0	1	1	1	1	1	2	0	1	1	1	0	2	1	1	1	0	2	2	1	0	0	2	2	0	1	0	2	1	1	1
211	2	0	2	0	1	2	0	2	0	1	2	0	2	0	1	0	2	1	1	1	0	2	1	1	1	0	2	2	1	0	1	1	1	1	1	2	1	1	0	1	0	2	1	1	1	0	2	2	1	0	0	2	2	0	1	0	2	1	1	1
212	1	0	3	1	0	3	0	1	0	1	2	0	2	0	1	1	2	1	1	0	1	1	1	2	0	0	2	1	1	1	1	1	1	1	1	2	0	2	0	1	0	1	2	1	1	0	2	1	1	1	0	3	1	0	1	1	2	1	1	0
213	2	1	2	0	0	2	1	2	0	0	1	1	1	1	1	0	2	2	1	0	0	2	2	1	0	1	1	2	1	0	1	1	2	0	1	2	0	1	0	2	1	2	1	0	1	1	1	2	1	0	1	2	2	0	0	0	2	2	1	0
214	1	0	2	1	1	2	0	1	1	1	2	0	2	0	1	0	2	1	1	1	0	1	1	2	1	0	2	1	1	1	1	1	1	1	1	2	0	2	0	1	0	1	2	1	1	0	2	1	1	1	0	2	1	1	1	0	2	1	1	1
215	2	0	2	0	1	2	0	2	0	1	2	0	2	0	1	0	2	1	1	1	0	2	1	1	1	0	2	2	1	0	1	1	1	1	1	2	0	1	1	1	0	2	1	1	1	0	2	2	1	0	0	2	2	0	1	0	2	1	1	1
216	2	0	2	0	1	2	0	2	0	1	2	0	2	0	1	0	2	1	1	1	0	2	1	1	1	0	2	2	1	0	1	1	1	1	1	2	1	1	0	1	0	2	1	1	1	0	2	2	1	0	0	2	2	0	1	0	2	1	1	1
217	1	0	3	1	0	3	0	1	0	1	2	0	2	0	1	1	2	1	1	0	1	1	1	2	0	0	2	1	1	1	1	1	1	1	1	2	0	2	0	1	0	1	2	1	1	0	2	1	1	1	0	3	1	0	1	1	2	1	1	0
218	2	1	2	0	0	2	0	2	1	0	1	1	1	1	1	0	2	2	1	0	0	2	2	1	0	1	1	2	1	0	1	1	2	0	1	2	0	1	0	2	1	2	1	0	1	1	1	2	1	0	0	2	2	1	0	0	2	2	1	0
219	1	0	2	1	1	2	1	1	0	1	2	0	2	0	1	0	2	1	1	1	0	1	1	2	1	0	2	1	1	1	1	1	1	1	1	2	0	2	0	1	0	1	2	1	1	0	2	1	1	1	1	2	1	0	1	0	2	1	1	1
220	2	0	2	0	1	2	0	2	0	1	2	0	2	0	1	0	2	1	1	1	0	2	1	1	1	0	2	2	1	0	1	1	1	1	1	2	0	1	1	1	0	2	1	1	1	0	2	2	1	0	0	2	2	0	1	0	2	1	1	1
221	2	0	2	0	1	2	0	2	0	1	2	0	2	0	1	0	2	1	1	1	0	2	1	1	1	0	2	2	1	0	1	1	1	1	1	2	1	1	0	1	0	2	1	1	1	0	2	2	1	0	0	2	2	0	1	0	2	1	1	1
222	1	0	3	1	0	3	0	1	0	1	2	0	2	0	1	1	2	1	1	0	1	1	1	2	0	0	2	1	1	1	1	1	1	1	1	2	0	2	0	1	0	1	2	1	1	0	2	1	1	1	0	3	1	0	1	1	2	1	1	0
223	2	1	2	0	0	2	1	2	0	0	1	1	1	1	1	0	2	2	1	0	0	2	2	1	0	1	1	2	1	0	1	1	2	0	1	2	0	1	0	2	1	2	1	0	1	1	1	2	1	0	1	2	2	0	0	0	2	2	1	0
224	1	0	2	1	1	2	0	1	1	1	2	0	2	0	1	0	2	1	1	1	0	1	1	2	1	0	2	1	1	1	1	1	1	1	1	2	0	2	0	1	0	1	2	1	1	0	2	1	1	1	0	2	1	1	1	0	2	1	1	1
225	2	0	2	0	1	2	0	2	0	1	2	0	2	0	1	0	2	1	1	1	0	2	1	1	1	0	2	2	1	0	1	1	1	1	1	2	0	1	1	1	0	2	1	1	1	0	2	2	1	0	0	2	2	0	1	0	2	1	1	1
226	2	0	2	0	1	2	0	2	0	1	2	0	2	0	1	0	2	1	1	1	0	2	1	1	1	0	2	2	1	0	1	1	1	1	1	2	1	1	0	1	0	2	1	1	1	0	2	2	1	0	0	2	2	0	1	0	2	1	1	1
227	1	0	3	1	0	3	0	1	0	1	2	0	2	0	1	1	2	1	1	0	1	1	1	2	0	0	2	1	1	1	1	1	1	1	1	2	0	2	0	1	0	1	2	1	1	0	2	1	1	1	0	3	1	0	1	1	2	1	1	0
228	2	1	2	0	0	2	0	2	1	0	1	1	1	1	1	0	2	2	1	0	0	2	2	1	0	1	1	2	1	0	1	1	2	0	1	2	0	1	0	2	1	2	1	0	1	1	1	2	1	0	0	2	2	1	0	0	2	2	1	0
229	1	0	2	1	1	2	1	1	0	1	2	0	2	0	1	0	2	1	1	1	0	1	1	2	1	0	2	1	1	1	1	1	1	1	1	2	0	2	0	1	0	1	2	1	1	0	2	1	1	1	1	2	1	0	1	0	2	1	1	1
230	2	0	2	0	1	2	0	2	0	1	2	0	2	0	1	0	2	1	1	1	0	2	1	1	1	0	2	2	1	0	1	1	1	1	1	2	0	1	1	1	0	2	1	1	1	0	2	2	1	0	0	2	2	0	1	0	2	1	1	1
231	2	0	2	0	1	2	0	2	0	1	2	0	2	0	1	0	2	1	1	1	0	2	1	1	1	0	2	2	1	0	1	1	1	1	1	2	1	1	0	1	0	2	1	1	1	0	2	2	1	0	0	2	2	0	1	0	2	1	1	1
232	1	0	3	1	0	3	0	1	0	1	2	0	2	0	1	1	2	1	1	0	1	1	1	2	0	0	2	1	1	1	1	1	1	1	1	2	0	2	0	1	0	1	2	1	1	0	2	1	1	1	0	3	1	0	1	1	2	1	1	0
233	2	1	2	0	0	2	1	2	0	0	1	1	1	1	1	0	2	2	1	0	0	2	2	1	0	1	1	2	1	0	1	1	2	0	1	2	0	1	0	2	1	2	1	0	1	1	1	2	1	0	1	2	2	0	0	0	2	2	1	0
234	1	0	2	1	1	2	0	1	1	1	2	0	2	0	1	0	2	1	1	1	0	1	1	2	1	0	2	1	1	1	1	1	1	1	1	2	0	2	0	1	0	1	2	1	1	0	2	1	1	1	0	2	1	1	1	0	2	1	1	1
235	2	0	2	0	1	2	0	2	0	1	2	0	2	0	1	0	2	1	1	1	0	2	1	1	1	0	2	2	1	0	1	1	1	1	1	2	0	1	1	1	0	2	1	1	1	0	2	2	1	0	0	2	2	0	1	0	2	1	1	1
236	2	0	2	0	1	2	0	2	0	1	2	0	2	0	1	0	2	1	1	1	0	2	1	1	1	0	2	2	1	0	1	1	1	1	1	2	1	1	0	1	0	2	1	1	1	0	2	2	1	0	0	2	2	0	1	0	2	1	1	1
237	1	0	3	1	0	3	0	1	0	1	2	0	2	0	1	1	2	1	1	0	1	1	1	2	0	0	2	1	1	1	1	1	1	1	1	2	0	2	0	1	0	1	2	1	1	0	2	1	1	1	0	3	1	0	1	1	2	1	1	0
238	2	1	2	0	0	2	0	2	1	0	1	1	1	1	1	0	2	2	1	0	0	2	2	1	0	1	1	2	1	0	1	1	2	0	1	2	0	1	0	2	1	2	1	0	1	1	1	2	1	0	0	2	2	1	0	0	2	2	1	0
239	1	0	2	1	1	2	1	1	0	1	2	0	2	0	1	0	2	1	1	1	0	1	1	2	1	0	2	1	1	1	1	1	1	1	1	2	0	2	0	1	0	1	2	1	1	0	2	1	1	1	1	2	1	0	1	0	2	1	1	1
240	2	0	2	0	1	2	0	2	0	1	2	0	2	0	1	0	2	1	1	1	0	2	1	1	1	0	2	2	1	0	1	1	1	1	1	2	0	1	1	1	0	2	1	1	1	0	2	2	1	0	0	2	2	0	1	0	2	1	1	1
241	2	0	2	0	1	2	0	2	0	1	2	0	2	0	1	0	2	1	1	1	0	2	1	1	1	0	2	2	1	0	1	1	1	1	1	2	1	1	0	1	0	2	1	1	1	0	2	2	1	0	0	2	2	0	1	0	2	1	1	1
242	1	0	3	1	0	3	0	1	0	1	2	0	2	0	1	1	2	1	1	0	1	1	1	2	0	0	2	1	1	1	1	1	1	1	1	2	0	2	0	1	0	1	2	1	1	0	2	1	1	1	0	3	1	0	1	1	2	1	1	0
243	2	1	2	0	0	2	1	2	0	0	1	1	1	1	1	0	2	2	1	0	0	2	2	1	0	1	1	2	1	0	1	1	2	0	1	2	0	1	0	2	1	2	1	0	1	1	1	2	1	0	1	2	2	0	0	0	2	2	1	0
244	1	0	2	1	1	2	0	1	1	1	2	0	2	0	1	0	2	1	1	1	0	1	1	2	1	0	2	1	1	1	1	1	1	1	1	2	0	2	0	1	0	1	2	1	1	0	2	1	1	1	0	2	1	1	1	0	2	1	1	1
245	2	0	2	0	1	2	0	2	0	1	2	0	2	0	1	0	2	1	1	1	0	2	1	1	1	0	2	2	1	0	1	1	1	1	1	2	0	1	1	1	0	2	1	1	1	0	2	2	1	0	0	2	2	0	1	0	2	1	1	1
246	2	0	2	0	1	2	0	2	0	1	2	0	2	0	1	0	2	1	1	1	0	2	1	1	1	0	2	2	1	0	1	1	1	1	1	2	1	1	0	1	0	2	1	1	1	0	2	2	1	0	0	2	2	0	1	0	2	1	1	1
247	1	0	3	1	0	3	0	1	0	1	2	0	2	0	1	1	2	1	1	0	1	1	1	2	0	0	2	1	1	1	1	1	1	1	1	2	0	2	0	1	0	1	2	1	1	0	2	1	1	1	0	3	1	0	1	1	2	1	1	0
248	2	1	2	0	0	2	0	2	1	0	1	1	1	1	1	0	2	2	1	0	0	2	2	1	0	1	1	2	1	0	1	1	2	0	1	2	0	1	0	2	1	2	1	0	1	1	1	2	1	0	0	2	2	1	0	0	2	2	1	0
249	1	0	2	1	1	2	1	1	0	1	2	0	2	0	1	0	2	1	1	1	0	1	1	2	1	0	2	1	1	1	1	1	1	1	1	2	0	2	0	1	0	1	2	1	1	0	2	1	1	1	1	2	1	0	1	0	2	1	1	1
250	2	0	2	0	1	2	0	2	0	1	2	0	2	0	1	0	2	1	1	1	0	2	1	1	1	0	2	2	1	0	1	1	1	1	1	2	0	1	1	1	0	2	1	1	1	0	2	2	1	0	0	2	2	0	1	0	2	1	1	1
251	2	0	2	0	1	2	0	2	0	1	2	0	2	0	1	0	2	1	1	1	0	2	1	1	1	0	2	2	1	0	1	1	1	1	1	2	1	1	0	1	0	2	1	1	1	0	2	2	1	0	0	2	2	0	1	0	2	1	1	1
252	1	0	3	1	0	3	0	1	0	1	2	0	2	0	1	1	2	1	1	0	1	1	1	2	0	0	2	1	1	1	1	1	1	1	1	2	0	2	0	1	0	1	2	1	1	0	2	1	1	1	0	3	1	0	1	1	2	1	1	0
253	2	1	2	0	0	2	1	2	0	0	1	1	1	1	1	0	2	2	1	0	0	2	2	1	0	1	1	2	1	0	1	1	2	0	1	2	0	1	0	2	1	2	1	0	1	1	1	2	1	0	1	2	2	0	0	0	2	2	1	0
254	1	0	2	1	1	2	0	1	1	1	2	0	2	0	1	0	2	1	1	1	0	1	1	2	1	0	2	1	1	1	1	1	1	1	1	2	0	2	0	1	0	1	2	1	1	0	2	1	1	1	0	2	1	1	1	0	2	1	1	1
255	2	0	2	0	1	2	0	2	0	1	2	0	2	0	1	0	2	1	1	1	0	2	1	1	1	0	2	2	1	0	1	1	1	1	1	2	0	1	1	1	0	2	1	1	1	0	2	2	1	0	0	2	2	0	1	0	2	1	1	1
