INT	INT	INT	STRING
index	classID（和RecycleItemClass.txt里id对应）	typeID（自己定）	描述$1$
0	1	1	V石
1	1	2	石
2	1	3	TF
3	2	1	~
4	2	2	Z食
5	2	3	肉
6	2	4	{料
7	2	5	烹o料
8	3	1	材
9	3	2	引
10	3	3	品o料
11	3	4	品配料
12	4	1	物
13	4	2	x革
14	4	3	布片
15	4	4	rb材料
16	5	1	V石
17	5	2	玉
18	6	1	刀斧打造D
19	6	2	棒打造D
20	6	3	味檀蛟D
21	6	4	p短打造D
22	6	5	扇打造D
23	6	6	h打造D
24	6	7	帽子打造D
25	6	8	衣服打造D
26	6	9	手套打造D
27	6	10	鞋子打造D
28	6	11	打造D
29	6	12	戒指打造D
30	6	13	o符打造D
31	6	14	o腕打造D
32	6	15	o肩打造D
33	6	16	腰Т蛟D
34	7	1	f`石
35	7	2	打孔材料
36	7	3	s物
37	2	6	食材
